service_id,date,exception_type
1308055,20260215,1
1308749,20260215,1
1366455,20260215,1
1366749,20260215,1
111,20260216,1
1308052,20260216,1
1308746,20260216,1
1336111,20260216,1
134011,20260216,1
1340640,20260216,1
1341046,20260216,1
1341252,20260216,1
1366552,20260216,1
1366846,20260216,1
110,20260216,2
1308052,20260217,1
1308746,20260217,1
1336010,20260217,1
133610,20260217,1
134010,20260217,1
1340540,20260217,1
1341046,20260217,1
1341252,20260217,1
1341610,20260217,1
1366552,20260217,1
1366846,20260217,1
165110,20260217,1
1308052,20260218,1
1308746,20260218,1
1336010,20260218,1
133710,20260218,1
134010,20260218,1
1340540,20260218,1
1341046,20260218,1
1341252,20260218,1
1341510,20260218,1
1366552,20260218,1
1366846,20260218,1
165010,20260218,1
1308052,20260219,1
1308746,20260219,1
1336010,20260219,1
133610,20260219,1
134010,20260219,1
1340540,20260219,1
1341046,20260219,1
1341252,20260219,1
1341510,20260219,1
1366552,20260219,1
1366846,20260219,1
165110,20260219,1
1308052,20260220,1
1308746,20260220,1
1336010,20260220,1
133610,20260220,1
1340540,20260220,1
1341046,20260220,1
134110,20260220,1
1341252,20260220,1
1341510,20260220,1
1366552,20260220,1
1366846,20260220,1
165010,20260220,1
1308054,20260221,1
1308748,20260221,1
1366554,20260221,1
1366848,20260221,1
308055,20260222,1
308749,20260222,1
390655,20260222,1
390949,20260222,1
308052,20260223,1
308746,20260223,1
33610,20260223,1
336110,20260223,1
34010,20260223,1
340640,20260223,1
341046,20260223,1
341252,20260223,1
341510,20260223,1
390240,20260223,1
65110,20260223,1
308052,20260224,1
308746,20260224,1
336010,20260224,1
33610,20260224,1
34010,20260224,1
340540,20260224,1
341046,20260224,1
341252,20260224,1
341610,20260224,1
390240,20260224,1
65110,20260224,1
308052,20260225,1
308746,20260225,1
336010,20260225,1
33710,20260225,1
34010,20260225,1
340540,20260225,1
341046,20260225,1
341252,20260225,1
341510,20260225,1
390240,20260225,1
65010,20260225,1
308052,20260226,1
308746,20260226,1
336010,20260226,1
33610,20260226,1
34010,20260226,1
340540,20260226,1
341046,20260226,1
341252,20260226,1
341510,20260226,1
390240,20260226,1
65110,20260226,1
308052,20260227,1
308746,20260227,1
336010,20260227,1
33610,20260227,1
340540,20260227,1
341046,20260227,1
34110,20260227,1
341252,20260227,1
341510,20260227,1
390240,20260227,1
65010,20260227,1
390142,20260228,1
390654,20260228,1
390948,20260228,1
308055,20260301,1
308749,20260301,1
390143,20260301,1
390655,20260301,1
390949,20260301,1
308052,20260302,1
308746,20260302,1
33610,20260302,1
336110,20260302,1
34010,20260302,1
340640,20260302,1
341046,20260302,1
341252,20260302,1
341510,20260302,1
390240,20260302,1
65110,20260302,1
308052,20260303,1
308746,20260303,1
336010,20260303,1
33610,20260303,1
34010,20260303,1
340540,20260303,1
341046,20260303,1
341252,20260303,1
341610,20260303,1
390240,20260303,1
65110,20260303,1
308052,20260304,1
308746,20260304,1
336010,20260304,1
33710,20260304,1
34010,20260304,1
340540,20260304,1
341046,20260304,1
341252,20260304,1
341510,20260304,1
390240,20260304,1
65010,20260304,1
308052,20260305,1
308746,20260305,1
336010,20260305,1
33610,20260305,1
34010,20260305,1
340540,20260305,1
341046,20260305,1
341252,20260305,1
341510,20260305,1
390240,20260305,1
65110,20260305,1
308052,20260306,1
308746,20260306,1
336010,20260306,1
33610,20260306,1
340540,20260306,1
341046,20260306,1
34110,20260306,1
341252,20260306,1
341510,20260306,1
390240,20260306,1
65010,20260306,1
390142,20260307,1
390654,20260307,1
390948,20260307,1
308055,20260308,1
308749,20260308,1
390143,20260308,1
390655,20260308,1
390949,20260308,1
308052,20260309,1
308746,20260309,1
33610,20260309,1
336110,20260309,1
34010,20260309,1
340640,20260309,1
341046,20260309,1
341252,20260309,1
341510,20260309,1
390240,20260309,1
65110,20260309,1
308052,20260310,1
308746,20260310,1
336010,20260310,1
33610,20260310,1
34010,20260310,1
340540,20260310,1
341046,20260310,1
341252,20260310,1
341610,20260310,1
390240,20260310,1
65110,20260310,1
308052,20260311,1
308746,20260311,1
336010,20260311,1
33710,20260311,1
34010,20260311,1
340540,20260311,1
341046,20260311,1
341252,20260311,1
341510,20260311,1
390240,20260311,1
65010,20260311,1
308052,20260312,1
308746,20260312,1
336010,20260312,1
33610,20260312,1
34010,20260312,1
340540,20260312,1
341046,20260312,1
341252,20260312,1
341510,20260312,1
390240,20260312,1
65110,20260312,1
308052,20260313,1
308746,20260313,1
336010,20260313,1
33610,20260313,1
340540,20260313,1
341046,20260313,1
34110,20260313,1
341252,20260313,1
341510,20260313,1
390240,20260313,1
65010,20260313,1
390142,20260314,1
390654,20260314,1
390948,20260314,1
308055,20260315,1
308749,20260315,1
390143,20260315,1
390655,20260315,1
390949,20260315,1
308052,20260316,1
308746,20260316,1
33610,20260316,1
336110,20260316,1
34010,20260316,1
340640,20260316,1
341046,20260316,1
341252,20260316,1
341510,20260316,1
390240,20260316,1
65110,20260316,1
308052,20260317,1
308746,20260317,1
336010,20260317,1
33610,20260317,1
34010,20260317,1
340540,20260317,1
341046,20260317,1
341252,20260317,1
341610,20260317,1
390240,20260317,1
65110,20260317,1
308052,20260318,1
308746,20260318,1
336010,20260318,1
33710,20260318,1
34010,20260318,1
340540,20260318,1
341046,20260318,1
341252,20260318,1
341510,20260318,1
390240,20260318,1
65010,20260318,1
308052,20260319,1
308746,20260319,1
336010,20260319,1
33610,20260319,1
34010,20260319,1
340540,20260319,1
341046,20260319,1
341252,20260319,1
341510,20260319,1
390240,20260319,1
65110,20260319,1
308052,20260320,1
308746,20260320,1
336010,20260320,1
33610,20260320,1
340540,20260320,1
341046,20260320,1
34110,20260320,1
341252,20260320,1
341510,20260320,1
390240,20260320,1
65010,20260320,1
390142,20260321,1
390654,20260321,1
390948,20260321,1
308055,20260322,1
308749,20260322,1
390143,20260322,1
390655,20260322,1
390949,20260322,1
308052,20260323,1
308746,20260323,1
33610,20260323,1
336110,20260323,1
34010,20260323,1
340640,20260323,1
341046,20260323,1
341252,20260323,1
341510,20260323,1
390240,20260323,1
65110,20260323,1
308052,20260324,1
308746,20260324,1
336010,20260324,1
33610,20260324,1
34010,20260324,1
340540,20260324,1
341046,20260324,1
341252,20260324,1
341610,20260324,1
390240,20260324,1
65110,20260324,1
308052,20260325,1
308746,20260325,1
336010,20260325,1
33710,20260325,1
34010,20260325,1
340540,20260325,1
341046,20260325,1
341252,20260325,1
341510,20260325,1
390240,20260325,1
65010,20260325,1
308052,20260326,1
308746,20260326,1
336010,20260326,1
33610,20260326,1
34010,20260326,1
340540,20260326,1
341046,20260326,1
341252,20260326,1
341510,20260326,1
390240,20260326,1
65110,20260326,1
308052,20260327,1
308746,20260327,1
336010,20260327,1
33610,20260327,1
340540,20260327,1
341046,20260327,1
34110,20260327,1
341252,20260327,1
341510,20260327,1
390240,20260327,1
65010,20260327,1
390142,20260328,1
390654,20260328,1
390948,20260328,1
308055,20260329,1
308749,20260329,1
390143,20260329,1
390655,20260329,1
390949,20260329,1
308052,20260330,1
308746,20260330,1
33610,20260330,1
336110,20260330,1
34010,20260330,1
340640,20260330,1
341046,20260330,1
341252,20260330,1
341510,20260330,1
390240,20260330,1
65110,20260330,1
308052,20260331,1
308746,20260331,1
336010,20260331,1
33610,20260331,1
34010,20260331,1
340540,20260331,1
340946,20260331,1
341352,20260331,1
341610,20260331,1
390240,20260331,1
65110,20260331,1
308152,20260401,1
308846,20260401,1
336010,20260401,1
33710,20260401,1
34010,20260401,1
340540,20260401,1
340946,20260401,1
341352,20260401,1
341510,20260401,1
390240,20260401,1
65010,20260401,1
308152,20260402,1
308846,20260402,1
336010,20260402,1
33610,20260402,1
34010,20260402,1
340540,20260402,1
340946,20260402,1
341352,20260402,1
341510,20260402,1
390240,20260402,1
65110,20260402,1
308152,20260403,1
308846,20260403,1
336010,20260403,1
33610,20260403,1
340540,20260403,1
340946,20260403,1
34110,20260403,1
341352,20260403,1
341510,20260403,1
390240,20260403,1
65010,20260403,1
390142,20260404,1
390554,20260404,1
390848,20260404,1
308055,20260405,1
308749,20260405,1
390143,20260405,1
390555,20260405,1
390849,20260405,1
308052,20260406,1
308746,20260406,1
33610,20260406,1
336110,20260406,1
34010,20260406,1
340640,20260406,1
341046,20260406,1
341252,20260406,1
341510,20260406,1
390240,20260406,1
65110,20260406,1
308052,20260407,1
308746,20260407,1
336010,20260407,1
33610,20260407,1
34010,20260407,1
340540,20260407,1
340946,20260407,1
341352,20260407,1
341610,20260407,1
390240,20260407,1
65110,20260407,1
308152,20260408,1
308846,20260408,1
336010,20260408,1
33710,20260408,1
34010,20260408,1
340540,20260408,1
340946,20260408,1
341352,20260408,1
341510,20260408,1
390240,20260408,1
65010,20260408,1
308152,20260409,1
308846,20260409,1
336010,20260409,1
33610,20260409,1
34010,20260409,1
340540,20260409,1
340946,20260409,1
341352,20260409,1
341510,20260409,1
390240,20260409,1
65110,20260409,1
308152,20260410,1
308846,20260410,1
336010,20260410,1
33610,20260410,1
340540,20260410,1
340946,20260410,1
34110,20260410,1
341352,20260410,1
341510,20260410,1
390240,20260410,1
65010,20260410,1
390142,20260411,1
390554,20260411,1
390848,20260411,1
308055,20260412,1
308749,20260412,1
390143,20260412,1
390555,20260412,1
390849,20260412,1
308052,20260413,1
308746,20260413,1
33610,20260413,1
336110,20260413,1
34010,20260413,1
340640,20260413,1
341046,20260413,1
341252,20260413,1
341510,20260413,1
390240,20260413,1
65110,20260413,1
308052,20260414,1
308746,20260414,1
336010,20260414,1
33610,20260414,1
34010,20260414,1
340540,20260414,1
340946,20260414,1
341352,20260414,1
341610,20260414,1
390240,20260414,1
65110,20260414,1
308152,20260415,1
308846,20260415,1
336010,20260415,1
33710,20260415,1
34010,20260415,1
340540,20260415,1
340946,20260415,1
341352,20260415,1
341510,20260415,1
390240,20260415,1
65010,20260415,1
308152,20260416,1
308846,20260416,1
336010,20260416,1
33610,20260416,1
34010,20260416,1
340540,20260416,1
340946,20260416,1
341352,20260416,1
341510,20260416,1
390240,20260416,1
65110,20260416,1
308152,20260417,1
308846,20260417,1
336010,20260417,1
33610,20260417,1
340540,20260417,1
340946,20260417,1
34110,20260417,1
341352,20260417,1
341510,20260417,1
390240,20260417,1
65010,20260417,1
390142,20260418,1
390554,20260418,1
390848,20260418,1
308055,20260419,1
308749,20260419,1
390143,20260419,1
390555,20260419,1
390849,20260419,1
308052,20260420,1
308746,20260420,1
33610,20260420,1
336110,20260420,1
34010,20260420,1
340640,20260420,1
341046,20260420,1
341252,20260420,1
341510,20260420,1
390240,20260420,1
65110,20260420,1
308052,20260421,1
308746,20260421,1
336010,20260421,1
33610,20260421,1
34010,20260421,1
340540,20260421,1
340946,20260421,1
341352,20260421,1
341610,20260421,1
390240,20260421,1
65110,20260421,1
308152,20260422,1
308846,20260422,1
336010,20260422,1
33710,20260422,1
34010,20260422,1
340540,20260422,1
340946,20260422,1
341352,20260422,1
341510,20260422,1
390240,20260422,1
65010,20260422,1
308152,20260423,1
308846,20260423,1
336010,20260423,1
33610,20260423,1
34010,20260423,1
340540,20260423,1
340946,20260423,1
341352,20260423,1
341510,20260423,1
390240,20260423,1
65110,20260423,1
308152,20260424,1
308846,20260424,1
336010,20260424,1
33610,20260424,1
340540,20260424,1
340946,20260424,1
34110,20260424,1
341352,20260424,1
341510,20260424,1
390240,20260424,1
65010,20260424,1
390142,20260425,1
390554,20260425,1
390848,20260425,1
308055,20260426,1
308749,20260426,1
390143,20260426,1
390555,20260426,1
390849,20260426,1
308052,20260427,1
308746,20260427,1
33610,20260427,1
336110,20260427,1
34010,20260427,1
340640,20260427,1
341046,20260427,1
341252,20260427,1
341510,20260427,1
390240,20260427,1
65110,20260427,1
308052,20260428,1
308746,20260428,1
336010,20260428,1
33610,20260428,1
34010,20260428,1
340540,20260428,1
340946,20260428,1
341352,20260428,1
341610,20260428,1
390240,20260428,1
65110,20260428,1
308152,20260429,1
308846,20260429,1
336010,20260429,1
33710,20260429,1
34010,20260429,1
340540,20260429,1
340946,20260429,1
341352,20260429,1
341510,20260429,1
390240,20260429,1
65010,20260429,1
308152,20260430,1
308846,20260430,1
336010,20260430,1
33610,20260430,1
34010,20260430,1
340540,20260430,1
340946,20260430,1
341352,20260430,1
341510,20260430,1
390240,20260430,1
65110,20260430,1
308152,20260501,1
308846,20260501,1
336010,20260501,1
33610,20260501,1
340540,20260501,1
340946,20260501,1
34110,20260501,1
341352,20260501,1
341510,20260501,1
390240,20260501,1
65010,20260501,1
390142,20260502,1
390554,20260502,1
390848,20260502,1
308055,20260503,1
308749,20260503,1
390143,20260503,1
390555,20260503,1
390849,20260503,1
308052,20260504,1
308746,20260504,1
33610,20260504,1
336110,20260504,1
34010,20260504,1
340640,20260504,1
341046,20260504,1
341252,20260504,1
341510,20260504,1
390240,20260504,1
65110,20260504,1
308052,20260505,1
308746,20260505,1
336010,20260505,1
33610,20260505,1
34010,20260505,1
340540,20260505,1
340946,20260505,1
341352,20260505,1
341610,20260505,1
390240,20260505,1
65110,20260505,1
308152,20260506,1
308846,20260506,1
336010,20260506,1
33710,20260506,1
34010,20260506,1
340540,20260506,1
340946,20260506,1
341352,20260506,1
341510,20260506,1
390240,20260506,1
65010,20260506,1
308152,20260507,1
308846,20260507,1
336010,20260507,1
33610,20260507,1
34010,20260507,1
340540,20260507,1
340946,20260507,1
341352,20260507,1
341510,20260507,1
390240,20260507,1
65110,20260507,1
308152,20260508,1
308846,20260508,1
336010,20260508,1
33610,20260508,1
340540,20260508,1
340946,20260508,1
34110,20260508,1
341352,20260508,1
341510,20260508,1
390240,20260508,1
65010,20260508,1
390142,20260509,1
390554,20260509,1
390848,20260509,1
308055,20260510,1
308749,20260510,1
390143,20260510,1
390555,20260510,1
390849,20260510,1
308052,20260511,1
308746,20260511,1
33610,20260511,1
336110,20260511,1
34010,20260511,1
340640,20260511,1
341046,20260511,1
341252,20260511,1
341510,20260511,1
390240,20260511,1
65110,20260511,1
308052,20260512,1
308746,20260512,1
336010,20260512,1
33610,20260512,1
34010,20260512,1
340540,20260512,1
340946,20260512,1
341352,20260512,1
341610,20260512,1
390240,20260512,1
65110,20260512,1
308152,20260513,1
308846,20260513,1
336010,20260513,1
33710,20260513,1
34010,20260513,1
340540,20260513,1
340946,20260513,1
341352,20260513,1
341510,20260513,1
390240,20260513,1
65010,20260513,1
308152,20260514,1
308846,20260514,1
336010,20260514,1
33610,20260514,1
34010,20260514,1
340540,20260514,1
340946,20260514,1
341352,20260514,1
341510,20260514,1
390240,20260514,1
65110,20260514,1
308152,20260515,1
308846,20260515,1
336010,20260515,1
33610,20260515,1
340540,20260515,1
340946,20260515,1
34110,20260515,1
341352,20260515,1
341510,20260515,1
390240,20260515,1
65010,20260515,1
390142,20260516,1
390554,20260516,1
390848,20260516,1
308055,20260517,1
308749,20260517,1
390143,20260517,1
390555,20260517,1
390849,20260517,1
308052,20260518,1
308746,20260518,1
33610,20260518,1
336110,20260518,1
34010,20260518,1
340640,20260518,1
341046,20260518,1
341252,20260518,1
341510,20260518,1
390240,20260518,1
65110,20260518,1
308052,20260519,1
308746,20260519,1
336010,20260519,1
33610,20260519,1
34010,20260519,1
340540,20260519,1
340946,20260519,1
341352,20260519,1
341610,20260519,1
390240,20260519,1
65110,20260519,1
308152,20260520,1
308846,20260520,1
336010,20260520,1
33710,20260520,1
34010,20260520,1
340540,20260520,1
340946,20260520,1
341352,20260520,1
341510,20260520,1
390240,20260520,1
65010,20260520,1
308152,20260521,1
308846,20260521,1
336010,20260521,1
33610,20260521,1
34010,20260521,1
340540,20260521,1
340946,20260521,1
341352,20260521,1
341510,20260521,1
390240,20260521,1
65110,20260521,1
308152,20260522,1
308846,20260522,1
336010,20260522,1
33610,20260522,1
340540,20260522,1
340946,20260522,1
34110,20260522,1
341352,20260522,1
341510,20260522,1
390240,20260522,1
65010,20260522,1
390242,20260523,1
390554,20260523,1
390848,20260523,1
308155,20260524,1
308849,20260524,1
390243,20260524,1
390555,20260524,1
390849,20260524,1
13,20260525,1
19,20260525,1
26,20260525,1
308155,20260525,1
308849,20260525,1
31,20260525,1
390243,20260525,1
390555,20260525,1
390849,20260525,1
43,20260525,1
49,20260525,1
55,20260525,1
10,20260525,2
16,20260525,2
22,20260525,2
28,20260525,2
40,20260525,2
46,20260525,2
52,20260525,2
308152,20260526,1
308846,20260526,1
336010,20260526,1
33610,20260526,1
34010,20260526,1
340540,20260526,1
340946,20260526,1
341352,20260526,1
341610,20260526,1
390240,20260526,1
65110,20260526,1
308152,20260527,1
308846,20260527,1
336010,20260527,1
33710,20260527,1
34010,20260527,1
340540,20260527,1
340946,20260527,1
341352,20260527,1
341510,20260527,1
390240,20260527,1
65010,20260527,1
308152,20260528,1
308846,20260528,1
336010,20260528,1
33610,20260528,1
34010,20260528,1
340540,20260528,1
340946,20260528,1
341352,20260528,1
341510,20260528,1
390240,20260528,1
65110,20260528,1
308152,20260529,1
308846,20260529,1
336010,20260529,1
33610,20260529,1
340540,20260529,1
340946,20260529,1
34110,20260529,1
341352,20260529,1
341510,20260529,1
390240,20260529,1
65010,20260529,1
390242,20260530,1
390554,20260530,1
390848,20260530,1
308055,20260531,1
308749,20260531,1
390243,20260531,1
390555,20260531,1
390849,20260531,1
308052,20260601,1
308746,20260601,1
33610,20260601,1
336110,20260601,1
34010,20260601,1
340640,20260601,1
341046,20260601,1
341252,20260601,1
341510,20260601,1
390240,20260601,1
65110,20260601,1
308052,20260602,1
308746,20260602,1
336010,20260602,1
33610,20260602,1
34010,20260602,1
340540,20260602,1
340946,20260602,1
341352,20260602,1
341610,20260602,1
390240,20260602,1
65110,20260602,1
308152,20260603,1
308846,20260603,1
336010,20260603,1
33710,20260603,1
34010,20260603,1
340540,20260603,1
340946,20260603,1
341352,20260603,1
341510,20260603,1
390240,20260603,1
65010,20260603,1
308152,20260604,1
308846,20260604,1
336010,20260604,1
33610,20260604,1
34010,20260604,1
340540,20260604,1
340946,20260604,1
341352,20260604,1
341510,20260604,1
390240,20260604,1
65110,20260604,1
308152,20260605,1
308846,20260605,1
336010,20260605,1
33610,20260605,1
340540,20260605,1
340946,20260605,1
34110,20260605,1
341352,20260605,1
341510,20260605,1
390240,20260605,1
65010,20260605,1
390242,20260606,1
390554,20260606,1
390848,20260606,1
308055,20260607,1
390243,20260607,1
390555,20260607,1
308052,20260608,1
33610,20260608,1
336110,20260608,1
34010,20260608,1
340640,20260608,1
341252,20260608,1
341510,20260608,1
390240,20260608,1
65110,20260608,1
308052,20260609,1
336010,20260609,1
33610,20260609,1
34010,20260609,1
340540,20260609,1
341352,20260609,1
341610,20260609,1
390240,20260609,1
65110,20260609,1
308152,20260610,1
336010,20260610,1
33710,20260610,1
34010,20260610,1
340540,20260610,1
341352,20260610,1
341510,20260610,1
390240,20260610,1
65010,20260610,1
308152,20260611,1
336010,20260611,1
33610,20260611,1
34010,20260611,1
340540,20260611,1
341352,20260611,1
341510,20260611,1
390240,20260611,1
65110,20260611,1
308152,20260612,1
336010,20260612,1
33610,20260612,1
340540,20260612,1
34110,20260612,1
341352,20260612,1
341510,20260612,1
390240,20260612,1
65010,20260612,1
390242,20260613,1
390554,20260613,1
